$ 1 5.0E-6 10.634267539816555 50 5.0 50
433 304 160 416 160 0 1000.0 0.0 0.0
c 304 192 416 192 0 1.0E-6 0.0
r 192 160 304 160 0 1000.0
w 304 192 304 240 0
w 416 192 416 240 0
w 304 240 416 240 0
g 416 240 416 272 0
R 192 160 128 160 0 2 1000.0 5.0 0.0 0.0 0.5
w 416 160 480 160 0
r 480 160 480 240 0 10000.0
w 480 240 416 240 0
r 192 352 304 352 0 1000.0
l 304 352 304 416 0 1.0 0.0
g 304 416 304 448 0
R 192 352 128 352 0 2 1000.0 5.0 0.0 0.0 0.5
w 304 352 384 352 0
r 384 352 384 416 0 10000.0
g 384 416 384 448 0
x 128 128 514 131 4 16 Gyrator + 1uF Cap = Simulated 1H Inductor
x 128 328 369 331 4 16 Real 1H Inductor (comparison)
o 2 64 0 4099 5.0 0.05 0 2 2 3
o 12 64 0 4099 5.0 0.05 1 2 12 3
