$ 1 5.0E-6 10.634267539816555 50 5.0 50
r 192 160 304 160 0 1000.0
433 304 160 416 160 0 1000.0 0.0 0.0
w 304 192 304 240 0
w 416 192 416 240 0
w 304 240 416 240 0
g 416 240 416 272 0
R 192 160 128 160 0 2 1000.0 5.0 0.0 0.0 0.5
w 416 160 480 160 0
c 480 160 480 240 0 1.0E-6 0.0
w 480 240 416 240 0
w 480 160 560 160 0
r 560 160 560 240 0 10000.0
w 560 240 480 240 0
r 192 384 304 384 0 1000.0
l 304 384 304 448 0 1.0 0.0
g 304 448 304 480 0
R 192 384 128 384 0 2 1000.0 5.0 0.0 0.0 0.5
w 304 384 400 384 0
r 400 384 400 448 0 10000.0
g 400 448 400 480 0
x 128 128 514 131 4 16 Gyrator + 1uF Cap = Simulated 1H Inductor
x 128 360 369 363 4 16 Real 1H Inductor (comparison)
o 1 64 0 4099 5.0 0.05 0 2 1 3
o 14 64 0 4099 5.0 0.05 1 2 14 3
