$ 1 0.000005 18.278915555614752 57 5 50
213 464 288 528 288 0 2 -(a-b)/1000
w 464 288 464 240 0
w 464 240 560 240 0
w 560 240 560 288 0
w 464 320 464 368 0
w 464 368 560 368 0
w 560 368 560 320 0
g 464 368 464 400 0 0
R 464 240 464 176 0 1 40 5 0 0 0.5
212 624 256 640 256 46 4 lastoutput\p(a-b)^2/(.0001*1000*(d-c)\p.00000001)*timestep
c 720 288 720 256 2 1e-4 0 0.001
w 624 320 608 320 0
w 608 320 608 400 0
w 608 400 720 400 0
w 720 400 720 288 0
w 624 352 624 416 0
w 624 416 784 416 0
w 784 416 784 256 0
w 784 256 720 256 0
w 624 256 560 240 0
w 624 288 560 320 0
o 8 64 0 4099 5 0.05 0 2 8 3
o 10 64 0 4098 5 0.05 1 1
