$ 1 0.000005 15.472767971186109 55 10 50
r 64 256 64 320 0 50000
R 272 128 352 128 0 1 40 10 0 0 0.5
r 160 256 160 320 0 100000
f 112 192 112 128 33 1.5 0.02
t 96 224 160 224 0 -1 0 0 100
t 96 224 64 224 0 -1 0 0 100
w 96 224 96 256 0
w 96 256 64 256 0
w 112 192 112 256 0
w 112 256 160 256 0
w 160 240 160 256 0
w 64 240 64 256 0
w 64 208 64 128 0
w 64 128 96 128 0
w 160 208 160 128 0
w 160 128 128 128 0
r 160 128 272 128 0 1000
g -48 320 -48 352 0
w 64 320 160 320 0
v -48 320 -48 128 0 0 40 5 0 0 0.5
w -48 128 64 128 0
w -48 320 64 320 0
o 16 128 0 4099 20 0.025 0 2 16 3
