$ 1 0.000005 1.700203994009402 37 5 50
d 464 336 496 304 2 default
d 496 368 464 336 2 default
d 496 368 528 336 2 default
d 528 336 496 304 2 default
w 528 336 544 336 0
w 544 336 544 288 0
w 544 288 384 288 0
v 384 288 384 384 0 1 60 19.8 0 0 0.5
w 384 384 448 384 0
w 448 384 448 336 0
w 448 336 464 336 0
g 496 368 496 416 0
w 496 304 496 272 0
w 496 272 544 272 0
l 544 272 624 272 0 0.000022 2.3629428453021784
w 624 272 640 272 0
c 640 272 640 400 0 0.00015999999999999999 11.046044497938206
g 640 400 640 416 0
w 640 272 704 272 0
f 752 336 752 272 41 1.5 20
w 768 272 800 272 0
l 800 272 960 272 0 0.0047 1.051680941603237
d 800 320 800 272 2 default
g 800 320 800 336 0
c 960 272 960 320 0 0.00009999999999999999 3.3670477641537557
g 960 320 960 336 0
w 960 272 1072 272 0
r 1072 272 1072 320 0 3.3
g 1072 320 1072 336 0
w 960 272 896 368 0
R 896 400 976 400 0 4 4000 0.05 3.3 0 0.5
w 704 272 736 272 0
r 704 272 704 336 0 100000
w 704 336 752 336 0
w 752 368 752 336 0
f 800 384 752 384 32 1.5 20
g 752 400 752 416 0
a 896 384 800 384 8 5 0 1000000 3.3670477641537557 3.2800000007448222 100000
o 27 1 7 28930 0.0001 0.0001 0 1 3.7304511992352776
o 16 1 0 4355 20 6.4 0 2 16 3
o 30 1 0 12546 3.3480000008595674 0.0001 0 2 30 3
